Withou c_previous

A:0.974951035976
B:0.997835274714
C:0.927155276088
D:0.97337044291
E:0.996838813868
F:0.952719650895
G:0.896883482802
22314
0.766725079889

With C_previous
A:0.973542246504 <-
B:0.997869635433 
C:0.945160292753
D:0.974504346631 
E:0.997216781775
F:0.954609490431
G:0.890973439164 <-
22647
0.778167199258

C_previous optimised
A:0.974951035976
B:0.997869635433
C:0.945160292753
D:0.974504346631
E:0.997216781775
F:0.954609490431
G:0.896883482802
22797
0.783321307082